77 91 53 91 50 91 28 91 42 91 17 91 36 91 12 91 57 91 71 91 
98 30 81 30 42 30 37 30 90 30 3 30 39 30 13 30 51 30 15 30 
97 14 39 14 61 14 37 14 17 14 20 14 6 14 2 14 87 14 63 14 
48 30 56 30 44 30 62 30 46 30 92 30 36 30 98 30 29 30 63 30 
68 74 85 74 55 74 17 74 59 74 90 74 58 74 31 74 83 74 84 74 
77 1 77 97 77 11 77 93 77 84 77 67 77 88 77 62 77 73 77 38 
38 55 38 48 38 94 38 1 38 64 38 37 38 99 38 71 38 21 38 58 
43 48 43 83 43 41 43 28 43 99 43 5 43 80 43 57 43 59 43 73 
69 85 69 92 69 40 69 18 69 77 69 98 69 42 69 99 69 82 69 84 
93 26 93 50 93 30 93 72 93 22 93 84 93 76 93 68 93 25 93 55 
69 20 69 63 69 17 69 59 69 88 69 81 69 84 69 96 69 94 69 79 
70 32 70 42 70 52 70 60 70 30 70 71 70 79 70 63 70 95 70 88 
52 46 52 90 52 67 52 83 52 18 52 47 52 99 52 97 52 58 52 74 
78 96 78 90 78 46 78 35 78 44 78 92 78 10 78 66 78 91 78 16 
58 72 58 98 58 85 58 21 58 99 58 12 58 23 58 75 58 42 58 82 
15 56
42 90
82 21
50 19
22 8
63 39
10 79
69 74
28 41
60 9
36 70
55 10
37 1
91 27
79 12
7 93
46 96
67 1
90 92
96 25
19 47
18 10
54 71
5 14
21 29
15 54
92 81
15 95
47 16
50 33
63 41
83 36
60 20
0 49
49 22
24 6
39 13
15 81
70 3
81 80
0 58
18 59
81 33
46 9
27 81
94 29
17 67
63 86
52 72
22 13
17 49
32 69
38 3
71 77
31 67
2 66
83 77
46 74
81 92
95 78
30 69
86 27
51 79
27 50
64 13
27 69
11 93
13 96
24 43
98 43
10 98
53 79
55 4
92 42
78 98
59 65
94 79
52 45
41 43
62 0
54 3
52 58
32 23
98 47
52 57
65 94
40 22
80 13
89 67
53 26
50 99
99 36
94 56
4 11
50 19
0 12
75 7
35 75
16 57
33 93
41 49
92 83
1 42
94 73
99 75
52 55
88 12
73 54
30 42
96 3
75 0
86 47
92 26
97 83
15 82
78 66
19 22
57 99
26 36
99 1
12 13
86 10
33 7
95 94
28 58
94 1
20 83
71 49
19 58
52 50
2 4
26 47
93 11
42 87
36 87
48 46
68 60
93 16
40 19
25 90
69 95
82 74
87 51
31 66
80 74
37 20
90 18
56 65
37 48
90 91
99 38
20 44
46 32
50 79
74 78
78 99
53 49
86 88
6 99
1 1
97 29
70 95
95 7
2 29
16 51
99 31
14 68
28 32
12 54
87 30
19 74
58 97
72 62
28 37
74 69
52 84
99 91
35 56
7 64
52 82
28 35
31 91
22 98
46 85
97 54
